98793
98979
99269
99461
99570
99645
99730
99789
99883
99942
100033
100144
100254
100353
100443
100559
100709
100859
100962
101083
101206
101296
101378
101411
101440
101503
101545
101581
101604
101618
101669
101722
101764
101797
101857
101902
101937
101974
102012
102039
102103
102161
102225
102252
102305
102357
102410
102416
102467
102522
102594
102652
102720
102774
102853
102925
102981
103018
103056
103068
103099
103108
103138
103165
103214
103220
103232
103245
103281
103309
103335
103337
103369
103358
103354
103362
103395
103409
103433
103429
103447
103442
103483
103487
103550
103560
103610
103659
103697
103746
103813
103869
103940
103964
104001
104059
104085
104148
104177
104225
104245
104275
104323
104378
104414
104443
104480
104483
104499
104504
104520
104538
104573
104590
104644
104683
104725
104757
104781
104819
104832
104883
104903
104931
104958
104958
104961
104945
104913
104897
104844
104805
104758
104733
104715
104698
104692
104707
104742
104758
104788
104815
104842
104883
104903
104931
104958
104958
104961
104945
104913
104897
104844
104805
104758
104733
104715
104698
104692
104707
104742
104758
104788
104815
104842
104883
104903
104931
104958
104958
104961
104945
104913
104897
104844
104805
104758
104733
104715
104698
104692
104707
104742
104758
104788
104815
104842
104883
104903
104931
104958
104958
104961
104945
104913
104897
104844
104805
104758
104733
104715
104698
104692
104707
104742
104758
104788
104815
104842
104883
104903
104931
104958
104958
104961
104945
104913
104897
104844
104805
104758
104733
104715
104698
104692
104707
104742
104758
104788
104815
104842
104883
104903
104931
104958
104958
104961
104945
104913
104897
104844
104805
104758
104733
104715
104698
104692
104707
104742
104758
104788
104815
104842
104883
104903
104931
104958
104958
104961
104945
104913
104897
104844
104805
104758
104733
104715
104698
104692
104707
104742
104758
104788
104815
104842
104883
104903
104931
104958
104958
104961
104945
104913
104897
104844
104805
104758
104733
104715
104698
104692
104707
104742
104758
104788
104815
104842
104883
104903
104931
104958
104958
104961
104945
104913
104897
104844
104805
104758
104733
104715
104698
104692
104707
104742
104758
104788
104815
104842
104883
104903
104931
104958
104958
104961
104945
104913
104897
104844
104805
104758
104733
104715
104698
104692
104707
104742
104758
104788
104815
104842
104883
104903
104931
104958
104958
104961
104945
104913
104897
104844
104805
104758
104733
104715
104698
104692
104707
104742
104758
104788
104815
104842
104883
104903
104931
104958
104958
104961
104945
104913
104897
104844
104805
104758
104733
104715
104698
104692
104707
104742
104758
104788
104815
104842
104883
104903
104931
104958
104958
104961
104945
104913
104897
104844
104805
104758
104733
104715
104698
104692
104707
104742
104758
104788
104815
104842
104883
104903
104931
104958
104958
104961
104945
104913
104897
104844
104805
104758
104733
104715
104698
104692
104707
104742
104758
104788
104815
104842
104883
104903
104931
104958
104958
104961
104945
104913
104897
104844
104805
104758
104733
104715
104698
104692
104707
104742
104758
104788
104815
104842
104883
104903
104931
104958
104958
104961
104945
104913
104897
104844
104805
104758
104733
104715
104698
104692
104707
104742
104758
104788
104815
104842
104883
104903
104931
104958
104958
104961
104945
104913
104897
104844
104805
104758
104733
104715
104698
104692
104707
104742
104758
104788
104815
104842
104883
104903
104931
104958
104958
104961
104945
104913
104897
104844
104805
104758
104733
104715
104698
104692
104707
104742
104758
104788
104815
104842
104883
104903
104931
104958
104958
104961
104945
104913
104897
104844
104805
104758
104733
104715
104698
104692
104707
104742
104758
104788
104815
104842
104883
104903
104931
104958
104958
104961
104945
104913
104897
104844
104805
104758
104733
104715
104698
104692
104707
104742
104758
104788
104815
104842
104883
104903
104931
104958
104958
104961
104945
104913
104897
104844
104805
104758
104733
104715
104698
104692
104707
104742
104758
104788
104815
104842
104883
104903
104931
104958
104958
104961
104945
104913
104897
104844
104805
104758
104733
104715
104698
104692
104707
104742
104758
104788
104815
104842
104883
104903
104931
104958
104958
104961
104945
104913
104897
104844
104805
104758
104733
104715
104698
104692
104707
104742
104758
104788
104815
104842
104883
104903
104931
104958
104958
104961
104945
104913
104897
104844
104805
104758
104733
104715
104698
104692
104707
104742
104758
104788
104815
104842
104883
104903
104931
104958
104958
104961
104945
104913
104897
104844
104805
104758
104733
104715
104698
104692
104707
104742
104758
104788
104815
104842
104883
104903
104931
104958
104958
104961
104945
104913
104897
104844
104805
104758
104733
104715
104698
104692
104707
104742
104758
104788
104815
104842
104883
104903
104931
104958
104958
104961
104945
104913
104897
104844
104805
104758
104733
104715
104698
104692
104707
104742
104758
104788
104815
104842
104883
104903
104931
104958
104958
104961
104945
104913
104897
104844
104805
104758
104733
104715
104698
104692
104707
104742
104758
104788
104815
104842
104883
104903
104931
104958
104958
104961
104945
104913
104897
104844
104805
104758
104733
104715
104698
104692
104707
104742
104758
104788
104815
104842
104883
104903
104931
104958
104958
104961
104945
104913
104897
104844
104805
104758
104733
104715
104698
104692
104707
104742
104758
104788
104815
104842
104883
104903
104931
104958
104958
104961
104945
104913
104897
104844
104805
104758
104733
104715
104698
104692
104707
104742
104758
104788
104815
104842
104883
104903
104931
104958
104958
104961
104945
104913
104897
104844
104805
104758
104733
104715
104698
104692
104707
104742
104758
104788
104815
104842
104883
104903
104931
104958
104958
104961
104945
104913
104897
104844
104805
104758
104733
104715
104698
104692
104707
104742
104758
104788
104815
104842
104883
104903
104931
104958
104958
104961
104945
104913
104897
104844
104805
104758
104733
104715
104698
104692
104707
104742
104758
104788
104815
104842
104883
104903
104931
104958
104958
104961
104945
104913
104897
104844
104805
104758
104733
104715
104698
104692
104707
104742
104758
104788
104815
104842
104883
104903
104931
104958
104958
104961
104945
104913
104897
104844
104805
104758
104733
104715
104698
104692
104707
104742
104758
104788
104815
104842
104883
104903
104931
104958
104958
104961
104945
104913
104897
104844
104805
104758
104733
104715
104698
104692
104707
104742
104758
104788
104815
104842
104883
104903
104931
104958
104958
104961
104945
104913
104897
104844
104805
104758
104733
104715
104698
104692
104707
104742
104758
104788
104815
104842
104883
104903
104931
104958
104958
104961
104945
104913
104897
104844
104805
104758
104733
104715
104698
104692
104707
104742
104758
104788
104815
104842
104883
104903
104931
104958
104958
104961
104945
104913
104897
104844
104805
104758
104733
104715
104698
104692
104707
104742
104758
104788
104815
104842
104883
104903
104931
104958
104958
104961
104945
104913
104897
104844
104805
104758
104733
104715
104698
104692
104707
104742
104758
104788
104815
104842
104883
104903
104931
104958
104958
104961
104945
104913
104897
104844
104805
104758
104733
104715
104698
104692
104707
104742
104758
104788
104815
104842
104883
104903
104931
104958
104958
104961
104945
104913
104897
104844
104805
104758
104733
104715
104698
104692
104707
104742
104758
104788
104815
104842
104883
104903
104931
104958
104958
104961
104945
104913
104897
104844
104805
104758
104733
104715
104698
104692
104707
104742
104758
104788
104815
104842
104883
104903
104931
104958
104958
104961
104945
104913
104897
104844
104805
104758
104733
104715
104698
104692
104707
104742
104758
104788
104815
104842
104883
104903
104931
104958
104958
104961
104945
104913
104897
104844
104805
104758
104733
104715
104698
104692
104707
104742
104758
104788
104815
104842
104883
104903
104931
104958
104958
104961
104945
104913
104897
104844
104805
104758
104733
104715
104698
104692
104707
104742
104758
104788
104815
104842
104883
104903
104931
104958
104958
104961
104945
104913
104897
104844
104805
104758
104733
104715
104698
104692
104707
104742
104758
104788
104815
104842
104883
104903
104931
104958
104958
104961
104945
104913
104897
104844
104805
104758
104733
104715
104698
104692
104707
104742
104758
104788
104815
104842
104883
104903
104931
104958
104958
104961
104945
104913
104897
104844
104805
104758
104733
104715
104698
104692
104707
104742
104758
104788
104815
104842
104883
104903
104931
104958
104958
104961
104945
104913
104897
104844
104805
104758
104733
104715
104698
104692
104707
104742
104758
104788
104815
104842
104883
104903
104931
104958
104958
104961
104945
